1 a 0 0 0 0 0 0 0 0
1 b 0 0 0 0 0 0 0 0
1 c 0 0 0 0 0 0 0 0
1 d 0 0 0 0 0 0 0 0
1 e 0 0 0 0 0 0 0 0
2 a 0 0 0 0 0 0 0 0
2 b 1 0 0 1 0 0 0 0
2 c 0 0 0 0 0 0 0 0
2 d 0 0 0 0 0 0 0 0
2 e 1 1 0 0 1 1 0 0
2 f 1 0 0 1 0 0 0 0
2 g 0 0 0 0 0 0 0 0
2 h 0 0 0 0 0 0 0 0
2 i 0 0 0 0 0 0 0 0
2 j 0 0 0 0 0 0 0 0
2 k 1 1 0 0 1 1 0 0
2 l 0 0 0 0 0 0 0 0
2 m 1 0 0 1 0 0 0 0
2 n 1 0 0 1 0 0 0 0
2 o 0 0 0 0 0 0 0 0
2 p 0 0 0 0 0 0 0 0
2 q 0 0 0 0 0 0 0 0
2 r 1 1 0 0 1 1 0 0
2 s 1 1 0 0 1 1 0 0
3 a 1 0 0 1 1 0 0 1
3 b 2 1 0 1 2 1 0 1
3 c 1 0 0 1 1 0 0 1
3 d 1 0 0 1 1 0 0 1
3 e 1 1 0 0 1 1 0 0
3 f 1 1 0 0 1 1 0 0
3 g 0 0 0 0 0 0 0 0
3 h 1 1 0 0 1 1 0 0
3 i 0 0 0 0 0 0 0 0
4 a 1 0 0 1 1 0 0 1
4 b 1 0 0 1 1 0 0 1
4 c 0 0 0 0 0 0 0 0
4 d 2 0 0 2 2 0 0 2
4 e 0 0 0 0 0 0 0 0
4 f 0 0 0 0 0 0 0 0
4 g 1 0 0 1 1 0 0 1
4 h 1 0 0 1 1 0 0 1
4 i 0 0 0 0 0 0 0 0
4 j 0 0 0 0 0 0 0 0
4 k 1 0 0 1 1 0 0 1
4 l 1 0 0 1 1 0 0 1
5 a 0 0 0 0 0 0 0 0
5 b 3 1 1 1 2 0 1 1
5 c 2 1 0 1 1 0 0 1
5 d 2 1 0 1 1 0 0 1
5 e 2 0 1 1 2 0 1 1
5 f 1 0 1 0 1 0 1 0
5 g 2 1 1 0 1 0 1 0
6 a 0 0 0 0 0 0 0 0
6 b 1 1 0 0 0 0 0 0
6 c 0 0 0 0 0 0 0 0
6 d 2 1 1 0 1 0 1 0
6 e 0 0 0 0 0 0 0 0
6 f 2 1 1 0 1 0 1 0
6 g 0 0 0 0 0 0 0 0
6 h 0 0 0 0 0 0 0 0
6 i 2 1 1 0 1 0 1 0
6 j 0 0 0 0 0 0 0 0
6 k 0 0 0 0 0 0 0 0
6 l 0 0 0 0 0 0 0 0
6 m 0 0 0 0 0 0 0 0
6 n 1 0 1 0 1 0 1 0
7 a 0 0 0 0 0 0 0 0
7 b 1 0 0 1 1 0 0 1
7 c 1 0 0 1 0 0 0 0
7 d 1 0 0 1 1 0 0 1
7 e 1 0 0 1 0 0 0 0
7 f 1 0 0 1 0 0 0 0
7 g 0 0 0 0 0 0 0 0
7 h 2 0 0 2 1 0 0 1
7 i 1 0 0 1 1 0 0 1
8 a 0 0 0 0 0 0 0 0
8 b 1 0 1 0 1 0 1 0
8 c 0 0 0 0 0 0 0 0
8 d 1 0 0 1 0 0 0 0
8 e 0 0 0 0 0 0 0 0
8 f 1 0 0 1 0 0 0 0
8 g 1 0 1 0 1 0 1 0
8 h 1 0 0 1 0 0 0 0
8 i 0 0 0 0 0 0 0 0
8 j 0 0 0 0 0 0 0 0
8 k 1 0 1 0 1 0 1 0
8 l 1 0 0 1 0 0 0 0
8 m 0 0 0 0 0 0 0 0
8 n 1 0 1 0 1 0 1 0
